15.7
17
17.5
17.6
17.66
18.1
18.3
18.34
18.4
18.55
18.55
18.65
18.74
18.8
18.8
18.88
19
19
19.12
19.18
19.2
19.2
19.32
19.35
19.35
19.4
19.4
19.4
19.42
19.42
19.46
19.5
19.5
19.62
19.65
19.68
19.7
19.7
19.72
19.78
19.82
19.86
20
20
20
20
20
20
20
20
20
20
20.08
20.16
20.25
20.3
20.3
20.4
20.5
20.5
20.6
20.6
20.6
20.6
20.6
20.65
20.7
20.7
20.7
20.7
20.80
20.8
21
21
21
21
21
21.00
21
21
21.1
21.1
21.1
21.1
21.1
21.16
21.2
21.2
21.2
21.28
21.35
21.4
21.48
21.48
21.5
21.50
21.5
21.58
21.6
21.6
21.6
21.62
21.7
21.7
21.7
21.7
21.7
21.7
21.8
21.82
21.85
21.85
21.88
21.88
21.92
21.94
22
22
22
22
22
22
22
22
22
22
22
22.2
22.2
22.22
22.25
22.25
22.25
22.26
22.26
22.28
22.3
22.3
22.3
22.3
22.36
22.4
22.42
22.44
22.50
22.5
22.56
22.6
22.6
22.7
22.7
22.7
22.7
22.74
22.75
22.75
22.80
22.88
22.9
22.9
23
23
23
23.00
23.1
23.1
23.14
23.20
23.22
23.3
23.30
23.35
23.4
23.5
23.5
23.52
23.6
23.6
23.62
23.7
23.9
23.9
24
24
24.00
24.2
24.2
24.30
24.30
24.32
24.35
24.36
24.4
24.4
24.5
24.6
24.8
24.9
24.92
25
25.00
25
25.10
25.1
25.1
25.12
25.26
25.30
25.3
25.3
25.3
25.35
25.5
25.5
25.7
25.7
25.7
25.9
25.9
26
26.02
26.28
26.35
26.40
26.5
26.65
26.7
26.9
27.20
27.4
28
28.24
28.25
