20.3
22.7
24
24
22.7
24.5
22
25.46
24.4
26.75
25
27
25
24.1
27.5
23.2
26.8
24.3
26.2
24.18
27.7
23.6
25.7
26.8
30.1
26.35
26.3
25.65
26.86
25.62
25.46
25.6
25
27
29
26
27.86
27
25.8
27
28.3
25.98
23.76
25.04
26.85
25.8
26.08
25
25.2
26.5
27
26.6
27.66
26.48
25.6
29.4
27.54
27.5
27.16
27.2
24.2
24.5
28.6
28.4
27.7
28
27
29.3
27.3
26
30.30
29.16
28
30.1
27
22.4
29.58
30.10
30
25
26.2
27.3
22.5
29.42
30
31.38
28.1
31.5
29.2
28.4
27.2
27.92
27
27.5
31
30.60
28.9
29.52
26
25.6
30.5
26.78
25.5
28.64
26.5
29.5
28.3
30.2
28.8
31
28.55
27.2
28.24
29.3
29.28
31
25
29.9
30.6
26.4
29.15
31
31
29.15
29.5
30.9
29.36
24.7
32
27.5
28
31.35
30.00
29
30
31.62
31
31
33.34
29.3
31.38
28.52
30
27.76
30.00
32.5
29.42
28.6
27.4
29.8
30.5
32.1
25.6
30.2
29.00
28.8
29.90
31.7
32.1
31.8
31.8
36
31.78
30.55
29.44
32.6
32.1
34.35
30.04
30.7
34.40
32.50
28
30.46
34
32.28
33
31
27.5
31.5
31.38
33.4
33.4
30.3
34.20
32.9
32.7
33.50
33.15
33
34.65
27
32.14
35.6
33.44
32.16
32
34.2
36.9
35.25
36.00
35
30.00
35
35.7
35.32
34.56
35.60
34.22
35.4
31.1
34.00
35.6
33.54
31
30.15
34.7
35.45
32.4
36.35
35.7
34.64
33.35
33.90
32.66
34.35
40.2
35.4
38.00
37.26
34.22
38.58
32.00
