15.7
14.5
16.15
15.1
14.08
14
14
14.64
16.6
16.5
15.2
14
15.6
14.65
13.7
15.92
14.46
12.8
13
15
14.8
12.7
15.28
16.2
12.95
16.55
15.6
14.65
17
14.5
16.38
15
14.8
14.64
17
15.62
15
12.12
16
15.78
18
17.28
19.82
17.2
17
16.78
16.68
16.5
14.9
14
13.7
12.6
16
16.58
11.9
15.2
14.18
17.25
16.78
16
17.7
17.2
16.84
15.4
14.7
16
17.65
15.5
14.4
12.16
15.60
15
17.6
16.78
16.5
16.5
15.6
15.60
15.5
14.85
17.45
17
15.9
14.8
14
14.5
18.7
16.45
14
14
15.9
18.34
17.38
16.8
15.6
14.65
13.8
15
16.5
15.75
15
16.5
18
17.8
17.42
16.7
15.6
15.5
15.52
13.3
19
16.85
16.28
15.9
16.76
17.16
19.5
19.4
18
17.8
17.7
17.35
16.9
16.25
15.1
15.1
15
17
16.5
16.28
18.1
17.15
16.60
16
14.7
18.18
18
16
15
14
17.3
16.88
17
18.6
18.00
16.15
15.70
16.68
16.2
19.28
17
16.58
15.9
14.52
18.00
17.7
16.45
17.2
17.3
16
16.4
16
14.68
12.60
18.64
14.68
17
15.80
17.9
17
16.00
17.50
15.7
18.4
16
15.3
16.95
16.2
14.82
15.6
17.7
17.3
17.16
16
13.40
17.34
15.5
19.65
17.90
16
13.80
18.56
19.3
16
16.38
13.64
16.7
19.9
13.08
17.65
17.00
16
19.70
17.35
16.88
16.78
17
20.00
16.9
16.15
15.5
16.50
18.55
17.56
18.22
16.6
13.14
17.2
16.28
22
16.78
15.3
22
15.75
15.6
20.00
18
19.2
16.10
15.7
19.5
18.44
22.20
